0.000000000000000000e+00 2.015365600585937500e+01
1.000000000000000000e+00 7.188844299316406250e+01
2.000000000000000000e+00 6.382689666748046875e+01
3.000000000000000000e+00 2.124204063415527344e+01
4.000000000000000000e+00 1.750872192382812500e+02
5.000000000000000000e+00 8.790408325195312500e+01
6.000000000000000000e+00 1.999118041992187500e+02
7.000000000000000000e+00 2.001392059326171875e+02
8.000000000000000000e+00 1.998617248535156250e+02
9.000000000000000000e+00 2.000544738769531250e+02
1.000000000000000000e+01 1.999709930419921875e+02
1.100000000000000000e+01 1.998933868408203125e+02
1.200000000000000000e+01 2.002311096191406250e+02
1.300000000000000000e+01 1.999710693359375000e+02
1.400000000000000000e+01 1.999568634033203125e+02
