0.000000000000000000e+00 -1.761509462754629794e+03
1.000000000000000000e+00 -1.881715066882857172e+03
2.000000000000000000e+00 -1.582019841213698328e+03
3.000000000000000000e+00 -1.574291804552142366e+03
4.000000000000000000e+00 -1.583781563761082452e+03
5.000000000000000000e+00 -1.450011833271645628e+03
6.000000000000000000e+00 -1.377507730762398751e+03
7.000000000000000000e+00 -1.320305910692540010e+03
8.000000000000000000e+00 -1.338245719942419782e+03
9.000000000000000000e+00 -1.457446568046519360e+03
1.000000000000000000e+01 -6.216572908334010208e+02
1.100000000000000000e+01 -3.940246780506773234e+02
1.200000000000000000e+01 -3.651674174577377698e+02
1.300000000000000000e+01 -3.792894072502255085e+02
1.400000000000000000e+01 -3.714521654549490108e+02
