0.000000000000000000e+00 -1.713379623055823004e+03
1.000000000000000000e+00 -1.296939860617982276e+03
2.000000000000000000e+00 -1.458087752179143308e+03
3.000000000000000000e+00 -9.863715976340174620e+02
4.000000000000000000e+00 -3.587091709256086460e+02
5.000000000000000000e+00 -3.643550754327475829e+02
6.000000000000000000e+00 -3.738600746856707246e+02
7.000000000000000000e+00 -3.405655746830221915e+02
8.000000000000000000e+00 -3.960950512699553769e+02
9.000000000000000000e+00 -3.672888350114617424e+02
1.000000000000000000e+01 -3.583216838840926357e+02
1.100000000000000000e+01 -3.577112508424157227e+02
1.200000000000000000e+01 -3.685570136655166493e+02
1.300000000000000000e+01 -3.648415918104930142e+02
1.400000000000000000e+01 -4.652522622895059499e+02
