0.000000000000000000e+00 2.103725624084472656e+01
1.000000000000000000e+00 7.795993041992187500e+01
2.000000000000000000e+00 8.618510437011718750e+01
3.000000000000000000e+00 1.759665222167968750e+02
4.000000000000000000e+00 2.000359497070312500e+02
5.000000000000000000e+00 1.999262390136718750e+02
6.000000000000000000e+00 1.998727569580078125e+02
7.000000000000000000e+00 2.001344146728515625e+02
8.000000000000000000e+00 2.000139007568359375e+02
9.000000000000000000e+00 1.999291687011718750e+02
1.000000000000000000e+01 2.000259094238281250e+02
1.100000000000000000e+01 2.002478027343750000e+02
1.200000000000000000e+01 1.997030029296875000e+02
1.300000000000000000e+01 1.999486541748046875e+02
1.400000000000000000e+01 1.998968658447265625e+02
