0.000000000000000000e+00 2.792112159729003906e+01
1.000000000000000000e+00 2.400544166564941406e+01
2.000000000000000000e+00 1.716856765747070312e+01
3.000000000000000000e+00 4.291635131835937500e+01
4.000000000000000000e+00 1.101087188720703125e+02
5.000000000000000000e+00 2.790010452270507812e+01
6.000000000000000000e+00 2.779677391052246094e+01
7.000000000000000000e+00 1.180036392211914062e+02
8.000000000000000000e+00 8.899320983886718750e+01
9.000000000000000000e+00 1.519765930175781250e+02
1.000000000000000000e+01 2.001090087890625000e+02
1.100000000000000000e+01 1.137768783569335938e+02
1.200000000000000000e+01 9.601386260986328125e+01
1.300000000000000000e+01 1.999793701171875000e+02
1.400000000000000000e+01 1.999161834716796875e+02
