0.000000000000000000e+00 2.191433715820312500e+01
1.000000000000000000e+00 1.895371055603027344e+01
2.000000000000000000e+00 3.597402572631835938e+01
3.000000000000000000e+00 1.108225345611572266e+01
4.000000000000000000e+00 4.703379821777343750e+01
5.000000000000000000e+00 7.591606140136718750e+01
6.000000000000000000e+00 1.027714538574218750e+02
7.000000000000000000e+00 1.189765167236328125e+02
8.000000000000000000e+00 8.293382263183593750e+01
9.000000000000000000e+00 6.011193847656250000e+01
1.000000000000000000e+01 6.288595962524414062e+01
1.100000000000000000e+01 1.821560974121093750e+02
1.200000000000000000e+01 1.700787200927734375e+02
1.300000000000000000e+01 1.739404602050781250e+02
1.400000000000000000e+01 1.650904235839843750e+02
