0.000000000000000000e+00 1.707386589050292969e+01
1.000000000000000000e+00 1.111726856231689453e+01
2.000000000000000000e+00 1.292456626892089844e+01
3.000000000000000000e+00 9.251219749450683594e+00
4.000000000000000000e+00 1.912785339355468750e+01
5.000000000000000000e+00 1.791099739074707031e+01
6.000000000000000000e+00 3.686648559570312500e+01
7.000000000000000000e+00 2.703389930725097656e+01
8.000000000000000000e+00 8.501744842529296875e+01
9.000000000000000000e+00 3.598041152954101562e+01
1.000000000000000000e+01 8.507766723632812500e+01
1.100000000000000000e+01 1.181441345214843750e+02
1.200000000000000000e+01 1.410552978515625000e+02
1.300000000000000000e+01 1.552729339599609375e+02
1.400000000000000000e+01 1.899501190185546875e+02
