0.000000000000000000e+00 2.204588127136230469e+01
1.000000000000000000e+00 1.621269416809082031e+01
2.000000000000000000e+00 3.407130432128906250e+01
3.000000000000000000e+00 9.119594573974609375e+00
4.000000000000000000e+00 2.889966201782226562e+01
5.000000000000000000e+00 1.993060684204101562e+01
6.000000000000000000e+00 1.172904510498046875e+02
7.000000000000000000e+00 1.990166931152343750e+02
8.000000000000000000e+00 1.508668975830078125e+02
9.000000000000000000e+00 1.971346740722656250e+02
1.000000000000000000e+01 1.997757873535156250e+02
1.100000000000000000e+01 2.003222808837890625e+02
1.200000000000000000e+01 1.999071197509765625e+02
1.300000000000000000e+01 1.998079681396484375e+02
1.400000000000000000e+01 8.011687469482421875e+01
