0.000000000000000000e+00 1.801413726806640625e+01
1.000000000000000000e+00 9.832713127136230469e+00
2.000000000000000000e+00 2.017022132873535156e+01
3.000000000000000000e+00 5.210070419311523438e+01
4.000000000000000000e+00 2.201895332336425781e+01
5.000000000000000000e+00 3.895246887207031250e+01
6.000000000000000000e+00 4.660933303833007812e+01
7.000000000000000000e+00 1.410662078857421875e+02
8.000000000000000000e+00 2.000889587402343750e+02
9.000000000000000000e+00 1.998696289062500000e+02
1.000000000000000000e+01 1.759819793701171875e+02
1.100000000000000000e+01 2.000219268798828125e+02
1.200000000000000000e+01 1.061077804565429688e+02
1.300000000000000000e+01 1.161780319213867188e+02
1.400000000000000000e+01 1.437684936523437500e+02
