0.000000000000000000e+00 1.994147491455078125e+01
1.000000000000000000e+00 1.889096069335937500e+02
2.000000000000000000e+00 1.230905685424804688e+02
3.000000000000000000e+00 2.000924835205078125e+02
4.000000000000000000e+00 1.959018707275390625e+02
5.000000000000000000e+00 1.999621429443359375e+02
6.000000000000000000e+00 2.000818328857421875e+02
7.000000000000000000e+00 2.001907196044921875e+02
8.000000000000000000e+00 1.901711883544921875e+02
9.000000000000000000e+00 1.420114746093750000e+02
1.000000000000000000e+01 2.001024475097656250e+02
1.100000000000000000e+01 1.891385955810546875e+02
1.200000000000000000e+01 2.001928253173828125e+02
1.300000000000000000e+01 1.970242462158203125e+02
1.400000000000000000e+01 1.999674835205078125e+02
