0.000000000000000000e+00 2.405426025390625000e+01
1.000000000000000000e+00 3.811902999877929688e+01
2.000000000000000000e+00 1.918145751953125000e+02
3.000000000000000000e+00 9.200489807128906250e+01
4.000000000000000000e+00 1.998129730224609375e+02
5.000000000000000000e+00 2.000473327636718750e+02
6.000000000000000000e+00 2.002864685058593750e+02
7.000000000000000000e+00 1.999779510498046875e+02
8.000000000000000000e+00 1.880094146728515625e+02
9.000000000000000000e+00 2.000896453857421875e+02
1.000000000000000000e+01 1.998386535644531250e+02
1.100000000000000000e+01 1.999402618408203125e+02
1.200000000000000000e+01 2.001074218750000000e+02
1.300000000000000000e+01 2.003738250732421875e+02
1.400000000000000000e+01 1.996730651855468750e+02
