0.000000000000000000e+00 2.094533157348632812e+01
1.000000000000000000e+00 1.397419452667236328e+01
2.000000000000000000e+00 2.000393218994140625e+02
3.000000000000000000e+00 2.000592041015625000e+02
4.000000000000000000e+00 1.366081085205078125e+02
5.000000000000000000e+00 1.482084350585937500e+02
6.000000000000000000e+00 1.997582244873046875e+02
7.000000000000000000e+00 1.610649871826171875e+02
8.000000000000000000e+00 1.681319732666015625e+02
9.000000000000000000e+00 1.999255371093750000e+02
1.000000000000000000e+01 2.000229339599609375e+02
1.100000000000000000e+01 2.001266326904296875e+02
1.200000000000000000e+01 2.000015716552734375e+02
1.300000000000000000e+01 2.002194671630859375e+02
1.400000000000000000e+01 1.847606964111328125e+02
