0.000000000000000000e+00 1.302201938629150391e+01
1.000000000000000000e+00 1.997746429443359375e+02
2.000000000000000000e+00 2.000069580078125000e+02
3.000000000000000000e+00 1.770741119384765625e+02
4.000000000000000000e+00 1.998240814208984375e+02
5.000000000000000000e+00 1.997651214599609375e+02
6.000000000000000000e+00 1.998645324707031250e+02
7.000000000000000000e+00 2.000428314208984375e+02
8.000000000000000000e+00 1.820875091552734375e+02
9.000000000000000000e+00 1.999935760498046875e+02
1.000000000000000000e+01 1.998489990234375000e+02
1.100000000000000000e+01 1.887336883544921875e+02
1.200000000000000000e+01 2.001295166015625000e+02
1.300000000000000000e+01 1.998672790527343750e+02
1.400000000000000000e+01 2.000623474121093750e+02
