1 1.014882521937956028e+00
2 2.025427039207267299e+00
3 3.028990703179011312e+00
4 4.033010596813458193e+00
5 5.021279362762316900e+00
6 6.036084510676660742e+00
7 7.033404476967146657e+00
8 8.042626543682811047e+00
9 9.035680865085497615e+00
10 1.003975548344790880e+01
11 1.103339702266412026e+01
12 1.202246640757681462e+01
13 1.304629785532545405e+01
14 1.404168200927730759e+01
15 1.504069748403305340e+01
16 1.603631928358560899e+01
17 1.702406492839730845e+01
18 1.802723435451655831e+01
19 1.901689192609871526e+01
20 2.001706671768896584e+01
21 2.102331903219923959e+01
22 2.203874917815330647e+01
23 2.302718735383508886e+01
24 2.403395643418539152e+01
25 2.503086630449492134e+01
26 2.601620206121689449e+01
27 2.702311744872759647e+01
28 2.802922124251866975e+01
29 2.900985844446020323e+01
30 3.001083244612289036e+01
31 3.100430836029902082e+01
32 3.202495328891261295e+01
33 3.302781672580153582e+01
34 3.404083518809718356e+01
35 3.503947569109040217e+01
36 3.604317624996888014e+01
37 3.704984008078920255e+01
38 3.804824434640774200e+01
39 3.904439554831593284e+01
40 4.004332249555302070e+01
41 4.103174894296111574e+01
42 4.204118155021080838e+01
43 4.301458982783083940e+01
44 4.403118533579273475e+01
45 4.502677610946980735e+01
46 4.603027265403974155e+01
47 4.702374971804039205e+01
48 4.802995330102382354e+01
49 4.902979647990779455e+01
50 5.001851636659309719e+01
51 5.101901131640959619e+01
52 5.202781310553040583e+01
53 5.302819941104880996e+01
