0.000000000000000000e+00 -1.753513950917072179e+03
1.000000000000000000e+00 -1.604542432707753960e+03
2.000000000000000000e+00 -1.599085081278658208e+03
3.000000000000000000e+00 -1.572362526286711272e+03
4.000000000000000000e+00 -1.412343369255836478e+03
5.000000000000000000e+00 -1.247537460676644741e+03
6.000000000000000000e+00 -1.272030678006771723e+03
7.000000000000000000e+00 -3.628654105849682878e+02
8.000000000000000000e+00 -3.632946901211280419e+02
9.000000000000000000e+00 -3.581326531803756552e+02
1.000000000000000000e+01 -8.811633795323210734e+02
1.100000000000000000e+01 -3.717228458178094570e+02
1.200000000000000000e+01 -3.717236647110337913e+02
1.300000000000000000e+01 -3.618458215571558867e+02
1.400000000000000000e+01 -3.660189999804595118e+02
