0.000000000000000000e+00 -1.751977804425433078e+03
1.000000000000000000e+00 -1.797189440191188396e+03
2.000000000000000000e+00 -1.525842924927375861e+03
3.000000000000000000e+00 -1.434444028637255087e+03
4.000000000000000000e+00 -1.225030712354659499e+03
5.000000000000000000e+00 -1.018023375937443120e+03
6.000000000000000000e+00 -3.960911875420480328e+02
7.000000000000000000e+00 -1.009984953706221859e+03
8.000000000000000000e+00 -3.610309654006507571e+02
9.000000000000000000e+00 -3.643528255793322614e+02
1.000000000000000000e+01 -3.622769780295046758e+02
1.100000000000000000e+01 -3.542146284672809315e+02
1.200000000000000000e+01 -3.488783719694718570e+02
1.300000000000000000e+01 -3.554036703975853584e+02
1.400000000000000000e+01 -3.536226816590266822e+02
