0.000000000000000000e+00 -1.723794586317686480e+03
1.000000000000000000e+00 -1.503889253323713774e+03
2.000000000000000000e+00 -1.116137439626329297e+03
3.000000000000000000e+00 -7.547551257373589806e+02
4.000000000000000000e+00 -3.550367248195523757e+02
5.000000000000000000e+00 -3.638907812661252592e+02
6.000000000000000000e+00 -3.732490900235234790e+02
7.000000000000000000e+00 -3.598208330733081652e+02
8.000000000000000000e+00 -3.569325986402874946e+02
9.000000000000000000e+00 -3.511909259717206169e+02
1.000000000000000000e+01 -3.606291791512283567e+02
1.100000000000000000e+01 -3.495756527170368599e+02
1.200000000000000000e+01 -3.577180400260484134e+02
1.300000000000000000e+01 -3.753737233573363596e+02
1.400000000000000000e+01 -3.585707459351110629e+02
