0.000000000000000000e+00 -1.745569670090656246e+03
1.000000000000000000e+00 -1.524705410180156377e+03
2.000000000000000000e+00 -1.610091960426735341e+03
3.000000000000000000e+00 -1.373527693063770812e+03
4.000000000000000000e+00 -1.348287825102580882e+03
5.000000000000000000e+00 -3.641929946423796309e+02
6.000000000000000000e+00 -3.569580093962608771e+02
7.000000000000000000e+00 -3.573657543987471286e+02
8.000000000000000000e+00 -3.646156912304356865e+02
9.000000000000000000e+00 -3.630138452446298061e+02
1.000000000000000000e+01 -3.548692618618989627e+02
1.100000000000000000e+01 -3.586838813572806544e+02
1.200000000000000000e+01 -3.497878931197963652e+02
1.300000000000000000e+01 -3.724461025130880216e+02
1.400000000000000000e+01 -3.639081588023946097e+02
