0.000000000000000000e+00 -1.694674633589134373e+03
1.000000000000000000e+00 -1.299152826774782397e+03
2.000000000000000000e+00 -6.391229543331481864e+02
3.000000000000000000e+00 -3.774690746170679176e+02
4.000000000000000000e+00 -3.781435515115916246e+02
5.000000000000000000e+00 -3.661996485335878333e+02
6.000000000000000000e+00 -4.176701632460291762e+02
7.000000000000000000e+00 -3.747623793523869153e+02
8.000000000000000000e+00 -3.594732305612578216e+02
9.000000000000000000e+00 -3.641325589300286083e+02
1.000000000000000000e+01 -3.571975472982792894e+02
1.100000000000000000e+01 -3.581769841482758352e+02
1.200000000000000000e+01 -3.893665393612718049e+02
1.300000000000000000e+01 -3.582689496046493787e+02
1.400000000000000000e+01 -3.523956346631232464e+02
