0.000000000000000000e+00 -1.776055906328836272e+03
1.000000000000000000e+00 -1.461806707221305260e+03
2.000000000000000000e+00 -1.099386609742177370e+03
3.000000000000000000e+00 -3.595749959851409017e+02
4.000000000000000000e+00 -3.617885285774776776e+02
5.000000000000000000e+00 -4.890496326739832966e+02
6.000000000000000000e+00 -3.684316231457491995e+02
7.000000000000000000e+00 -3.518248787630579386e+02
8.000000000000000000e+00 -3.569762925221993441e+02
9.000000000000000000e+00 -3.620648434869200969e+02
1.000000000000000000e+01 -3.531829736850173731e+02
1.100000000000000000e+01 -3.519389296725414056e+02
1.200000000000000000e+01 -3.649870725482321632e+02
1.300000000000000000e+01 -3.611435546187180421e+02
1.400000000000000000e+01 -3.551129901049943669e+02
