0.000000000000000000e+00 -1.657084203110986891e+03
1.000000000000000000e+00 -1.507754033998467548e+03
2.000000000000000000e+00 -1.378113288745857290e+03
3.000000000000000000e+00 -1.116903607507525749e+03
4.000000000000000000e+00 -1.132920022803117035e+03
5.000000000000000000e+00 -6.359825596692023737e+02
6.000000000000000000e+00 -6.130279634039465009e+02
7.000000000000000000e+00 -3.535109623817397164e+02
8.000000000000000000e+00 -3.715014676446658086e+02
9.000000000000000000e+00 -3.603742639493269166e+02
1.000000000000000000e+01 -3.848020633000848534e+02
1.100000000000000000e+01 -3.522798724234972383e+02
1.200000000000000000e+01 -3.661400974384027336e+02
1.300000000000000000e+01 -3.648257167726206944e+02
1.400000000000000000e+01 -4.809271039609250238e+02
