0.000000000000000000e+00 -1.679480845071844897e+03
1.000000000000000000e+00 -1.106826758175257510e+03
2.000000000000000000e+00 -3.789110603961157722e+02
3.000000000000000000e+00 -5.003428154594656689e+02
4.000000000000000000e+00 -3.584280388611384751e+02
5.000000000000000000e+00 -3.658340289987888241e+02
6.000000000000000000e+00 -3.660266552472563717e+02
7.000000000000000000e+00 -3.571080760880536786e+02
8.000000000000000000e+00 -3.538918214174520926e+02
9.000000000000000000e+00 -3.605110188211345985e+02
1.000000000000000000e+01 -3.619033290874107252e+02
1.100000000000000000e+01 -3.575989357540404399e+02
1.200000000000000000e+01 -3.588503732697003556e+02
1.300000000000000000e+01 -3.553908835389487990e+02
1.400000000000000000e+01 -3.605074054404732351e+02
