0.000000000000000000e+00 -1.762033420586171360e+03
1.000000000000000000e+00 -1.588800496473565545e+03
2.000000000000000000e+00 -1.372301180574175532e+03
3.000000000000000000e+00 -1.122200493231950304e+03
4.000000000000000000e+00 -7.513075968833604747e+02
5.000000000000000000e+00 -3.577772449971951687e+02
6.000000000000000000e+00 -3.584005860693288810e+02
7.000000000000000000e+00 -3.562175093811862325e+02
8.000000000000000000e+00 -3.644994614589111279e+02
9.000000000000000000e+00 -3.597512752352886878e+02
1.000000000000000000e+01 -3.551925118866138291e+02
1.100000000000000000e+01 -3.603819757612496915e+02
1.200000000000000000e+01 -3.556765671748889872e+02
1.300000000000000000e+01 -3.619259236658135706e+02
1.400000000000000000e+01 -3.546043478765735699e+02
