0.000000000000000000e+00 -1.703448726076502453e+03
1.000000000000000000e+00 -1.553300768512368222e+03
2.000000000000000000e+00 -1.097309530690142992e+03
3.000000000000000000e+00 -1.181417246223524444e+03
4.000000000000000000e+00 -1.238631684727953143e+03
5.000000000000000000e+00 -3.635464892444331326e+02
6.000000000000000000e+00 -3.527664855095674739e+02
7.000000000000000000e+00 -3.728405396515079815e+02
8.000000000000000000e+00 -3.549656384675462277e+02
9.000000000000000000e+00 -3.531705731417393963e+02
1.000000000000000000e+01 -3.647177913015727313e+02
1.100000000000000000e+01 -3.629902089832592651e+02
1.200000000000000000e+01 -3.706376217946067868e+02
1.300000000000000000e+01 -3.629250003937310680e+02
1.400000000000000000e+01 -3.642635543322237481e+02
