0.000000000000000000e+00 1.705546849966049194e+01
1.000000000000000000e+00 1.301772946119308472e+01
2.000000000000000000e+00 3.108520525693893433e+01
3.000000000000000000e+00 6.697595888376235962e+01
4.000000000000000000e+00 3.501647448539733887e+01
5.000000000000000000e+00 2.201008605957031250e+01
6.000000000000000000e+00 2.805454009771347046e+01
7.000000000000000000e+00 1.703666871786117554e+01
8.000000000000000000e+00 2.697432702779769897e+01
9.000000000000000000e+00 3.304686975479125977e+01
1.000000000000000000e+01 1.601661807298660278e+01
1.100000000000000000e+01 3.504501926898956299e+01
1.200000000000000000e+01 3.991727036237716675e+01
1.300000000000000000e+01 1.592736989259719849e+01
1.400000000000000000e+01 2.803968673944473267e+01
1.500000000000000000e+01 1.602570438385009766e+01
1.600000000000000000e+01 2.510546863079071045e+01
1.700000000000000000e+01 1.597708284854888916e+01
1.800000000000000000e+01 1.700962752103805542e+01
1.900000000000000000e+01 3.303448367118835449e+01
2.000000000000000000e+01 3.198194706439971924e+01
2.100000000000000000e+01 2.195072901248931885e+01
2.200000000000000000e+01 2.108121985197067261e+01
2.300000000000000000e+01 4.599085664749145508e+01
2.400000000000000000e+01 2.507044482231140137e+01
2.500000000000000000e+01 2.498031395673751831e+01
2.600000000000000000e+01 1.802931416034698486e+01
2.700000000000000000e+01 2.402367025613784790e+01
2.800000000000000000e+01 2.399520611763000488e+01
2.900000000000000000e+01 1.898270046710968018e+01
3.000000000000000000e+01 3.599751663208007812e+01
3.100000000000000000e+01 3.005974000692367554e+01
3.200000000000000000e+01 3.788116914033889771e+01
3.300000000000000000e+01 3.098902046680450439e+01
3.400000000000000000e+01 3.295548188686370850e+01
3.500000000000000000e+01 2.208181679248809814e+01
3.600000000000000000e+01 6.301926076412200928e+01
3.700000000000000000e+01 2.508324885368347168e+01
3.800000000000000000e+01 3.096989935636520386e+01
3.900000000000000000e+01 2.595076614618301392e+01
4.000000000000000000e+01 1.706280094385147095e+01
4.100000000000000000e+01 1.600527465343475342e+01
4.200000000000000000e+01 2.599215644598007202e+01
4.300000000000000000e+01 3.596116685867309570e+01
4.400000000000000000e+01 1.099463564157485962e+01
4.500000000000000000e+01 2.309230160713195801e+01
4.600000000000000000e+01 2.401236659288406372e+01
4.700000000000000000e+01 1.996383798122406006e+01
4.800000000000000000e+01 4.893069952726364136e+01
4.900000000000000000e+01 2.106488388776779175e+01
5.000000000000000000e+01 2.507777321338653564e+01
5.100000000000000000e+01 1.695362716913223267e+01
5.200000000000000000e+01 6.407712870836257935e+01
5.300000000000000000e+01 2.888304036855697632e+01
5.400000000000000000e+01 3.799494719505310059e+01
5.500000000000000000e+01 5.404069471359252930e+01
5.600000000000000000e+01 1.798193883895874023e+01
5.700000000000000000e+01 2.298165696859359741e+01
5.800000000000000000e+01 2.006932240724563599e+01
5.900000000000000000e+01 3.493629986047744751e+01
6.000000000000000000e+01 3.200850647687911987e+01
6.100000000000000000e+01 2.001950865983963013e+01
6.200000000000000000e+01 2.100384742021560669e+01
6.300000000000000000e+01 2.896605253219604492e+01
6.400000000000000000e+01 2.996519094705581665e+01
6.500000000000000000e+01 2.497098618745803833e+01
6.600000000000000000e+01 1.998991197347640991e+01
6.700000000000000000e+01 5.687440550327301025e+01
6.800000000000000000e+01 1.999256092309951782e+01
6.900000000000000000e+01 2.507057535648345947e+01
7.000000000000000000e+01 3.703028541803359985e+01
7.100000000000000000e+01 2.000788867473602295e+01
7.200000000000000000e+01 2.699764567613601685e+01
7.300000000000000000e+01 5.301027154922485352e+01
7.400000000000000000e+01 2.199680149555206299e+01
7.500000000000000000e+01 5.495980745553970337e+01
7.600000000000000000e+01 2.198588067293167114e+01
7.700000000000000000e+01 2.502467662096023560e+01
7.800000000000000000e+01 1.799866229295730591e+01
7.900000000000000000e+01 5.299602699279785156e+01
8.000000000000000000e+01 5.213104951381683350e+01
8.100000000000000000e+01 2.195195031166076660e+01
8.200000000000000000e+01 4.698184442520141602e+01
8.300000000000000000e+01 2.503600215911865234e+01
8.400000000000000000e+01 3.112404340505599976e+01
8.500000000000000000e+01 4.888621771335601807e+01
8.600000000000000000e+01 5.602364379167556763e+01
8.700000000000000000e+01 2.195973753929138184e+01
8.800000000000000000e+01 1.898220616579055786e+01
8.900000000000000000e+01 2.203075534105300903e+01
9.000000000000000000e+01 1.801259052753448486e+01
9.100000000000000000e+01 3.193739795684814453e+01
9.200000000000000000e+01 3.209251624345779419e+01
9.300000000000000000e+01 1.399740529060363770e+01
9.400000000000000000e+01 2.812613600492477417e+01
9.500000000000000000e+01 3.495208829641342163e+01
9.600000000000000000e+01 2.204629832506179810e+01
9.700000000000000000e+01 1.701363015174865723e+01
9.800000000000000000e+01 1.496734666824340820e+01
9.900000000000000000e+01 2.498436832427978516e+01
