0.000000000000000000e+00 -1.745615245819091797e+03
1.000000000000000000e+00 -1.789726740360260010e+03
2.000000000000000000e+00 -1.746868957996368408e+03
3.000000000000000000e+00 -1.706527358531951904e+03
4.000000000000000000e+00 -1.764992175102233887e+03
5.000000000000000000e+00 -1.844711887836456299e+03
6.000000000000000000e+00 -1.728017135620117188e+03
7.000000000000000000e+00 -1.825010971546173096e+03
8.000000000000000000e+00 -1.786932955265045166e+03
9.000000000000000000e+00 -1.731782802581787109e+03
1.000000000000000000e+01 -1.831595255374908447e+03
1.100000000000000000e+01 -1.829684967994689941e+03
1.200000000000000000e+01 -1.714353469371795654e+03
1.300000000000000000e+01 -1.602763365745544434e+03
1.400000000000000000e+01 -1.779172750473022461e+03
