0.000000000000000000e+00 -1.795319617271423340e+03
1.000000000000000000e+00 -1.763440511226654053e+03
2.000000000000000000e+00 -1.763662530899047852e+03
3.000000000000000000e+00 -1.800159268856048584e+03
4.000000000000000000e+00 -1.817777963161468506e+03
5.000000000000000000e+00 -1.845214006423950195e+03
6.000000000000000000e+00 -1.865060801506042480e+03
7.000000000000000000e+00 -1.679937315464019775e+03
8.000000000000000000e+00 -1.783277401924133301e+03
9.000000000000000000e+00 -1.795191403388977051e+03
1.000000000000000000e+01 -1.769991496562957764e+03
1.100000000000000000e+01 -1.814405927181243896e+03
1.200000000000000000e+01 -1.705068793773651123e+03
1.300000000000000000e+01 -1.725678537845611572e+03
1.400000000000000000e+01 -1.818493210792541504e+03
