0.000000000000000000e+00 1.797026437520980835e+01
1.000000000000000000e+00 3.510624468326568604e+01
2.000000000000000000e+00 4.794059854745864868e+01
3.000000000000000000e+00 1.892918479442596436e+01
4.000000000000000000e+00 2.295807296037673950e+01
5.000000000000000000e+00 4.494845169782638550e+01
6.000000000000000000e+00 3.500518316030502319e+01
7.000000000000000000e+00 3.197101193666458130e+01
8.000000000000000000e+00 6.309627342224121094e+01
9.000000000000000000e+00 1.998588830232620239e+01
1.000000000000000000e+01 2.599078106880187988e+01
1.100000000000000000e+01 2.108294278383255005e+01
1.200000000000000000e+01 1.199317824840545654e+01
1.300000000000000000e+01 2.300986808538436890e+01
1.400000000000000000e+01 1.798189872503280640e+01
1.500000000000000000e+01 3.005205661058425903e+01
1.600000000000000000e+01 1.700485897064208984e+01
1.700000000000000000e+01 3.205685323476791382e+01
1.800000000000000000e+01 3.800679403543472290e+01
1.900000000000000000e+01 1.698051029443740845e+01
2.000000000000000000e+01 3.405509769916534424e+01
2.100000000000000000e+01 2.409185618162155151e+01
2.200000000000000000e+01 3.988564938306808472e+01
2.300000000000000000e+01 5.011694139242172241e+01
2.400000000000000000e+01 4.680607014894485474e+01
2.500000000000000000e+01 8.963702976703643799e+00
2.600000000000000000e+01 1.499152076244354248e+01
2.700000000000000000e+01 3.502052187919616699e+01
2.800000000000000000e+01 1.301151210069656372e+01
2.900000000000000000e+01 8.392120790481567383e+01
3.000000000000000000e+01 2.286445891857147217e+01
3.100000000000000000e+01 3.711489969491958618e+01
3.200000000000000000e+01 1.600693392753601074e+01
3.300000000000000000e+01 1.804350423812866211e+01
3.400000000000000000e+01 2.399537104368209839e+01
3.500000000000000000e+01 3.089249110221862793e+01
3.600000000000000000e+01 4.207305312156677246e+01
3.700000000000000000e+01 3.193961954116821289e+01
3.800000000000000000e+01 1.602976787090301514e+01
3.900000000000000000e+01 3.103482747077941895e+01
4.000000000000000000e+01 2.299155962467193604e+01
4.100000000000000000e+01 1.395655673742294312e+01
4.200000000000000000e+01 2.202041697502136230e+01
4.300000000000000000e+01 1.999798899888992310e+01
4.400000000000000000e+01 2.800499385595321655e+01
4.500000000000000000e+01 5.496372389793395996e+01
4.600000000000000000e+01 2.001279091835021973e+01
4.700000000000000000e+01 2.203333568572998047e+01
4.800000000000000000e+01 2.805017024278640747e+01
4.900000000000000000e+01 2.592052960395812988e+01
5.000000000000000000e+01 2.100847285985946655e+01
5.100000000000000000e+01 4.178795123100280762e+01
5.200000000000000000e+01 7.893072503805160522e+01
5.300000000000000000e+01 4.395290821790695190e+01
5.400000000000000000e+01 2.900882130861282349e+01
5.500000000000000000e+01 3.801448905467987061e+01
5.600000000000000000e+01 2.295779114961624146e+01
5.700000000000000000e+01 2.307675063610076904e+01
5.800000000000000000e+01 2.402569979429244995e+01
5.900000000000000000e+01 3.100838267803192139e+01
6.000000000000000000e+01 2.305354201793670654e+01
6.100000000000000000e+01 1.504917484521865845e+01
6.200000000000000000e+01 2.896843266487121582e+01
6.300000000000000000e+01 1.101405686140060425e+01
6.400000000000000000e+01 1.703546923398971558e+01
6.500000000000000000e+01 3.402161222696304321e+01
6.600000000000000000e+01 2.893585318326950073e+01
6.700000000000000000e+01 2.906973224878311157e+01
6.800000000000000000e+01 3.205061566829681396e+01
6.900000000000000000e+01 2.599834257364273071e+01
7.000000000000000000e+01 2.294095522165298462e+01
7.100000000000000000e+01 1.797592926025390625e+01
7.200000000000000000e+01 3.306983643770217896e+01
7.300000000000000000e+01 2.594733393192291260e+01
7.400000000000000000e+01 2.495372194051742554e+01
7.500000000000000000e+01 2.398697638511657715e+01
7.600000000000000000e+01 3.202692794799804688e+01
7.700000000000000000e+01 3.396123874187469482e+01
7.800000000000000000e+01 3.703303682804107666e+01
7.900000000000000000e+01 1.506922757625579834e+01
8.000000000000000000e+01 4.095739835500717163e+01
8.100000000000000000e+01 3.303360617160797119e+01
8.200000000000000000e+01 2.800623363256454468e+01
8.300000000000000000e+01 3.995746737718582153e+01
8.400000000000000000e+01 1.804404532909393311e+01
8.500000000000000000e+01 1.902651065587997437e+01
8.600000000000000000e+01 4.000745701789855957e+01
8.700000000000000000e+01 1.796547281742095947e+01
8.800000000000000000e+01 4.200853979587554932e+01
8.900000000000000000e+01 1.799208420515060425e+01
9.000000000000000000e+01 2.199373430013656616e+01
9.100000000000000000e+01 4.993581980466842651e+01
9.200000000000000000e+01 2.102254730463027954e+01
9.300000000000000000e+01 2.102915972471237183e+01
9.400000000000000000e+01 3.495754349231719971e+01
9.500000000000000000e+01 3.496792703866958618e+01
9.600000000000000000e+01 2.900647127628326416e+01
9.700000000000000000e+01 2.199312561750411987e+01
9.800000000000000000e+01 2.391673290729522705e+01
9.900000000000000000e+01 2.603461998701095581e+01
