0.000000000000000000e+00 -1.747158708095550537e+03
1.000000000000000000e+00 -1.849879286766052246e+03
2.000000000000000000e+00 -1.740310027122497559e+03
3.000000000000000000e+00 -1.808788104534149170e+03
4.000000000000000000e+00 -1.812046829700469971e+03
5.000000000000000000e+00 -1.553006825447082520e+03
6.000000000000000000e+00 -1.704515646457672119e+03
7.000000000000000000e+00 -1.801350757598876953e+03
8.000000000000000000e+00 -1.783285338878631592e+03
9.000000000000000000e+00 -1.685358557224273682e+03
1.000000000000000000e+01 -1.644588885784149170e+03
1.100000000000000000e+01 -1.782132559299468994e+03
1.200000000000000000e+01 -1.642509581565856934e+03
1.300000000000000000e+01 -1.781057129383087158e+03
1.400000000000000000e+01 -1.778441955089569092e+03
