0.000000000000000000e+00 1.100255000591278076e+01
1.000000000000000000e+00 1.997755247354507446e+01
2.000000000000000000e+00 3.101983803510665894e+01
3.000000000000000000e+00 3.503289288282394409e+01
4.000000000000000000e+00 2.599350059032440186e+01
5.000000000000000000e+00 1.794133239984512329e+01
6.000000000000000000e+00 3.004903727769851685e+01
7.000000000000000000e+00 3.501522570848464966e+01
8.000000000000000000e+00 5.195749783515930176e+01
9.000000000000000000e+00 1.701654881238937378e+01
1.000000000000000000e+01 1.802880167961120605e+01
1.100000000000000000e+01 5.799858915805816650e+01
1.200000000000000000e+01 2.797227811813354492e+01
1.300000000000000000e+01 3.901646351814270020e+01
1.400000000000000000e+01 2.607364058494567871e+01
1.500000000000000000e+01 3.101362383365631104e+01
1.600000000000000000e+01 3.300558924674987793e+01
1.700000000000000000e+01 1.897343724966049194e+01
1.800000000000000000e+01 1.705785292387008667e+01
1.900000000000000000e+01 2.206175059080123901e+01
2.000000000000000000e+01 3.498654133081436157e+01
2.100000000000000000e+01 1.397707617282867432e+01
2.200000000000000000e+01 2.599907368421554565e+01
2.300000000000000000e+01 1.700978916883468628e+01
2.400000000000000000e+01 2.202266472578048706e+01
2.500000000000000000e+01 4.607542377710342407e+01
2.600000000000000000e+01 1.699203467369079590e+01
2.700000000000000000e+01 2.700841879844665527e+01
2.800000000000000000e+01 1.802528876066207886e+01
2.900000000000000000e+01 1.797960186004638672e+01
3.000000000000000000e+01 3.292491555213928223e+01
3.100000000000000000e+01 8.798125064373016357e+01
3.200000000000000000e+01 1.801502561569213867e+01
3.300000000000000000e+01 2.894368690252304077e+01
3.400000000000000000e+01 2.007057309150695801e+01
3.500000000000000000e+01 1.589884620904922485e+01
3.600000000000000000e+01 1.799150741100311279e+01
3.700000000000000000e+01 2.906178736686706543e+01
3.800000000000000000e+01 3.803082764148712158e+01
3.900000000000000000e+01 2.001434314250946045e+01
4.000000000000000000e+01 2.997423338890075684e+01
4.100000000000000000e+01 3.606331217288970947e+01
4.200000000000000000e+01 1.990624523162841797e+01
4.300000000000000000e+01 2.001316940784454346e+01
4.400000000000000000e+01 2.794539207220077515e+01
4.500000000000000000e+01 5.202111065387725830e+01
4.600000000000000000e+01 6.903909003734588623e+01
4.700000000000000000e+01 3.789643830060958862e+01
4.800000000000000000e+01 5.009640550613403320e+01
4.900000000000000000e+01 4.506731092929840088e+01
5.000000000000000000e+01 1.200442188978195190e+01
5.100000000000000000e+01 1.399772870540618896e+01
5.200000000000000000e+01 1.701554346084594727e+01
5.300000000000000000e+01 2.099871814250946045e+01
5.400000000000000000e+01 1.895071196556091309e+01
5.500000000000000000e+01 1.395177829265594482e+01
5.600000000000000000e+01 2.200425714254379272e+01
5.700000000000000000e+01 4.910614746809005737e+01
5.800000000000000000e+01 3.697138786315917969e+01
5.900000000000000000e+01 1.994487369060516357e+01
6.000000000000000000e+01 3.000083208084106445e+01
6.100000000000000000e+01 4.099704372882843018e+01
6.200000000000000000e+01 2.096792030334472656e+01
6.300000000000000000e+01 3.196580213308334351e+01
6.400000000000000000e+01 1.695723038911819458e+01
6.500000000000000000e+01 2.896945244073867798e+01
6.600000000000000000e+01 2.992127591371536255e+01
6.700000000000000000e+01 1.896402192115783691e+01
6.800000000000000000e+01 2.704201894998550415e+01
6.900000000000000000e+01 1.903847110271453857e+01
7.000000000000000000e+01 2.101232862472534180e+01
7.100000000000000000e+01 2.293028712272644043e+01
7.200000000000000000e+01 1.706895512342453003e+01
7.300000000000000000e+01 6.005930095911026001e+01
7.400000000000000000e+01 8.970499455928802490e+00
7.500000000000000000e+01 2.800048893690109253e+01
7.600000000000000000e+01 1.801703661680221558e+01
7.700000000000000000e+01 2.697936004400253296e+01
7.800000000000000000e+01 1.898431289196014404e+01
7.900000000000000000e+01 3.205219411849975586e+01
8.000000000000000000e+01 6.693209886550903320e+01
8.100000000000000000e+01 1.703199744224548340e+01
8.200000000000000000e+01 3.398161524534225464e+01
8.300000000000000000e+01 1.896421873569488525e+01
8.400000000000000000e+01 1.703945791721343994e+01
8.500000000000000000e+01 2.704013586044311523e+01
8.600000000000000000e+01 2.404153001308441162e+01
8.700000000000000000e+01 3.301892393827438354e+01
8.800000000000000000e+01 2.295345312356948853e+01
8.900000000000000000e+01 1.305259281396865845e+01
9.000000000000000000e+01 2.704115319252014160e+01
9.100000000000000000e+01 4.198951333761215210e+01
9.200000000000000000e+01 2.798927319049835205e+01
9.300000000000000000e+01 3.695545017719268799e+01
9.400000000000000000e+01 1.994925642013549805e+01
9.500000000000000000e+01 3.611838281154632568e+01
9.600000000000000000e+01 5.603900909423828125e+01
9.700000000000000000e+01 2.401876455545425415e+01
9.800000000000000000e+01 4.106322294473648071e+01
9.900000000000000000e+01 2.408580273389816284e+01
