1.000000000000000000e+00 1.018675565719604492e+00
2.000000000000000000e+00 2.022781491279602051e+00
3.000000000000000000e+00 3.027220129966735840e+00
4.000000000000000000e+00 4.018679201602935791e+00
5.000000000000000000e+00 5.041376769542694092e+00
6.000000000000000000e+00 6.056070387363433838e+00
7.000000000000000000e+00 7.052591264247894287e+00
8.000000000000000000e+00 8.049568235874176025e+00
9.000000000000000000e+00 9.044471740722656250e+00
1.000000000000000000e+01 1.004234433174133301e+01
1.100000000000000000e+01 1.104206252098083496e+01
1.200000000000000000e+01 1.203843510150909424e+01
1.300000000000000000e+01 1.304020941257476807e+01
1.400000000000000000e+01 1.404072880744934082e+01
1.500000000000000000e+01 1.504475224018096924e+01
1.600000000000000000e+01 1.604531383514404297e+01
1.700000000000000000e+01 1.706019639968872070e+01
1.800000000000000000e+01 1.807074093818664551e+01
1.900000000000000000e+01 1.907430458068847656e+01
2.000000000000000000e+01 2.007832443714141846e+01
2.100000000000000000e+01 2.106659322977066040e+01
2.200000000000000000e+01 2.206876093149185181e+01
2.300000000000000000e+01 2.307401424646377563e+01
2.400000000000000000e+01 2.407464200258255005e+01
2.500000000000000000e+01 2.507562857866287231e+01
2.600000000000000000e+01 2.608717888593673706e+01
2.700000000000000000e+01 2.707907748222351074e+01
2.800000000000000000e+01 2.808114612102508545e+01
2.900000000000000000e+01 2.909162998199462891e+01
3.000000000000000000e+01 3.008154463768005371e+01
3.100000000000000000e+01 3.107944291830062866e+01
3.200000000000000000e+01 3.208154207468032837e+01
3.300000000000000000e+01 3.308514946699142456e+01
3.400000000000000000e+01 3.408565968275070190e+01
3.500000000000000000e+01 3.508565157651901245e+01
3.600000000000000000e+01 3.608408391475677490e+01
3.700000000000000000e+01 3.707614666223526001e+01
3.800000000000000000e+01 3.805320078134536743e+01
3.900000000000000000e+01 3.905648523569107056e+01
4.000000000000000000e+01 4.005984264612197876e+01
4.100000000000000000e+01 4.106488877534866333e+01
4.200000000000000000e+01 4.207677775621414185e+01
4.300000000000000000e+01 4.307948142290115356e+01
4.400000000000000000e+01 4.407117229700088501e+01
4.500000000000000000e+01 4.506312638521194458e+01
4.600000000000000000e+01 4.605932313203811646e+01
4.700000000000000000e+01 4.705868828296661377e+01
4.800000000000000000e+01 4.805030286312103271e+01
4.900000000000000000e+01 4.905519747734069824e+01
5.000000000000000000e+01 5.004603821039199829e+01
5.100000000000000000e+01 5.103998267650604248e+01
5.200000000000000000e+01 5.204246938228607178e+01
5.300000000000000000e+01 5.305258631706237793e+01
5.400000000000000000e+01 5.406172013282775879e+01
5.500000000000000000e+01 5.503982055187225342e+01
5.600000000000000000e+01 5.603945380449295044e+01
5.700000000000000000e+01 5.703698122501373291e+01
5.800000000000000000e+01 5.803904438018798828e+01
5.900000000000000000e+01 5.902683514356613159e+01
6.000000000000000000e+01 6.002619409561157227e+01
6.100000000000000000e+01 6.102764451503753662e+01
6.200000000000000000e+01 6.203483402729034424e+01
6.300000000000000000e+01 6.302471691370010376e+01
6.400000000000000000e+01 6.401821446418762207e+01
6.500000000000000000e+01 6.502355039119720459e+01
6.600000000000000000e+01 6.602896022796630859e+01
6.700000000000000000e+01 6.702705711126327515e+01
6.800000000000000000e+01 6.801993113756179810e+01
6.900000000000000000e+01 6.902789753675460815e+01
7.000000000000000000e+01 7.003966075181961060e+01
7.100000000000000000e+01 7.105004268884658813e+01
7.200000000000000000e+01 7.202489727735519409e+01
7.300000000000000000e+01 7.302937477827072144e+01
7.400000000000000000e+01 7.400775992870330811e+01
7.500000000000000000e+01 7.502122938632965088e+01
7.600000000000000000e+01 7.601593810319900513e+01
7.700000000000000000e+01 7.700290238857269287e+01
7.800000000000000000e+01 7.800495111942291260e+01
7.900000000000000000e+01 7.899336987733840942e+01
8.000000000000000000e+01 7.998290616273880005e+01
8.100000000000000000e+01 8.098018008470535278e+01
8.200000000000000000e+01 8.198025447130203247e+01
8.300000000000000000e+01 8.299566882848739624e+01
8.400000000000000000e+01 8.399690920114517212e+01
8.500000000000000000e+01 8.500076013803482056e+01
8.600000000000000000e+01 8.598268479108810425e+01
8.700000000000000000e+01 8.698999148607254028e+01
8.800000000000000000e+01 8.800101560354232788e+01
8.900000000000000000e+01 8.900648576021194458e+01
9.000000000000000000e+01 9.000035321712493896e+01
9.100000000000000000e+01 9.100806689262390137e+01
9.200000000000000000e+01 9.200926566123962402e+01
9.300000000000000000e+01 9.302505028247833252e+01
9.400000000000000000e+01 9.402450960874557495e+01
