0.000000000000000000e+00 -1.738905241489410400e+03
1.000000000000000000e+00 -1.824237386703491211e+03
2.000000000000000000e+00 -1.786704864501953125e+03
3.000000000000000000e+00 -1.823362811565399170e+03
4.000000000000000000e+00 -1.751601755142211914e+03
5.000000000000000000e+00 -1.879542547225952148e+03
6.000000000000000000e+00 -1.746547415733337402e+03
7.000000000000000000e+00 -1.824269185066223145e+03
8.000000000000000000e+00 -1.884072111129760742e+03
9.000000000000000000e+00 -1.828053798198699951e+03
1.000000000000000000e+01 -1.736874715805053711e+03
1.100000000000000000e+01 -1.774342467308044434e+03
1.200000000000000000e+01 -1.819754038333892822e+03
1.300000000000000000e+01 -1.811697324275970459e+03
1.400000000000000000e+01 -1.713158696174621582e+03
