0.000000000000000000e+00 2.307871836423873901e+01
1.000000000000000000e+00 5.903621423244476318e+01
2.000000000000000000e+00 2.200569522380828857e+01
3.000000000000000000e+00 2.106562250852584839e+01
4.000000000000000000e+00 3.609885251522064209e+01
5.000000000000000000e+00 1.802811855077743530e+01
6.000000000000000000e+00 2.898074704408645630e+01
7.000000000000000000e+00 3.798517960309982300e+01
8.000000000000000000e+00 6.694735252857208252e+01
9.000000000000000000e+00 1.898928821086883545e+01
1.000000000000000000e+01 2.601260548830032349e+01
1.100000000000000000e+01 5.802382099628448486e+01
1.200000000000000000e+01 2.302580565214157104e+01
1.300000000000000000e+01 2.795682966709136963e+01
1.400000000000000000e+01 1.900501161813735962e+01
1.500000000000000000e+01 2.599647504091262817e+01
1.600000000000000000e+01 2.304006719589233398e+01
1.700000000000000000e+01 2.297328215837478638e+01
1.800000000000000000e+01 2.505256289243698120e+01
1.900000000000000000e+01 4.399042665958404541e+01
2.000000000000000000e+01 2.401840633153915405e+01
2.100000000000000000e+01 5.195897394418716431e+01
2.200000000000000000e+01 4.101959651708602905e+01
2.300000000000000000e+01 3.495595616102218628e+01
2.400000000000000000e+01 2.607970607280731201e+01
2.500000000000000000e+01 1.202351438999176025e+01
2.600000000000000000e+01 2.791450572013854980e+01
2.700000000000000000e+01 2.495260959863662720e+01
2.800000000000000000e+01 4.402342796325683594e+01
2.900000000000000000e+01 2.502382636070251465e+01
3.000000000000000000e+01 1.696589642763137817e+01
3.100000000000000000e+01 3.398373490571975708e+01
3.200000000000000000e+01 2.101893740892410278e+01
3.300000000000000000e+01 2.403037446737289429e+01
3.400000000000000000e+01 3.789619863033294678e+01
3.500000000000000000e+01 1.499625754356384277e+01
3.600000000000000000e+01 1.898324781656265259e+01
3.700000000000000000e+01 2.496448385715484619e+01
3.800000000000000000e+01 1.801559799909591675e+01
3.900000000000000000e+01 2.203609716892242432e+01
4.000000000000000000e+01 1.891977083683013916e+01
4.100000000000000000e+01 1.504613858461380005e+01
4.200000000000000000e+01 2.898378276824951172e+01
4.300000000000000000e+01 1.992776894569396973e+01
4.400000000000000000e+01 2.797170078754425049e+01
4.500000000000000000e+01 3.304985851049423218e+01
4.600000000000000000e+01 2.102497619390487671e+01
4.700000000000000000e+01 1.894086933135986328e+01
4.800000000000000000e+01 1.902001971006393433e+01
4.900000000000000000e+01 2.211886006593704224e+01
5.000000000000000000e+01 2.406036102771759033e+01
5.100000000000000000e+01 4.205965077877044678e+01
5.200000000000000000e+01 1.801726835966110229e+01
5.300000000000000000e+01 2.388077223300933838e+01
5.400000000000000000e+01 2.407243233919143677e+01
5.500000000000000000e+01 2.697468984127044678e+01
5.600000000000000000e+01 1.590977394580841064e+01
5.700000000000000000e+01 1.600228184461593628e+01
5.800000000000000000e+01 4.002421844005584717e+01
5.900000000000000000e+01 2.791673767566680908e+01
6.000000000000000000e+01 2.203886967897415161e+01
6.100000000000000000e+01 2.599382191896438599e+01
6.200000000000000000e+01 3.498490160703659058e+01
6.300000000000000000e+01 1.802484071254730225e+01
6.400000000000000000e+01 5.494843256473541260e+01
6.500000000000000000e+01 2.194743925333023071e+01
6.600000000000000000e+01 2.401779258251190186e+01
6.700000000000000000e+01 2.505107903480529785e+01
6.800000000000000000e+01 2.407321619987487793e+01
6.900000000000000000e+01 1.897850304841995239e+01
7.000000000000000000e+01 1.896808916330337524e+01
7.100000000000000000e+01 3.195617604255676270e+01
7.200000000000000000e+01 2.604873335361480713e+01
7.300000000000000000e+01 2.496423161029815674e+01
7.400000000000000000e+01 2.598962378501892090e+01
7.500000000000000000e+01 2.107878917455673218e+01
7.600000000000000000e+01 2.095835703611373901e+01
7.700000000000000000e+01 3.502606469392776489e+01
7.800000000000000000e+01 1.605944323539733887e+01
7.900000000000000000e+01 3.605392593145370483e+01
8.000000000000000000e+01 2.900624042749404907e+01
8.100000000000000000e+01 5.291654932498931885e+01
8.200000000000000000e+01 1.130502709150314331e+02
8.300000000000000000e+01 3.196545219421386719e+01
8.400000000000000000e+01 1.396621876955032349e+01
8.500000000000000000e+01 1.897475159168243408e+01
8.600000000000000000e+01 2.394754827022552490e+01
8.700000000000000000e+01 1.701728445291519165e+01
8.800000000000000000e+01 1.798078793287277222e+01
8.900000000000000000e+01 3.909738379716873169e+01
9.000000000000000000e+01 2.700849443674087524e+01
9.100000000000000000e+01 3.295091569423675537e+01
9.200000000000000000e+01 2.990833419561386108e+01
9.300000000000000000e+01 2.104327023029327393e+01
9.400000000000000000e+01 3.505800300836563110e+01
9.500000000000000000e+01 2.696099895238876343e+01
9.600000000000000000e+01 1.500781470537185669e+01
9.700000000000000000e+01 1.897123503684997559e+01
9.800000000000000000e+01 3.390849119424819946e+01
9.900000000000000000e+01 1.896891295909881592e+01
