0.000000000000000000e+00 2.202164161205291748e+01
1.000000000000000000e+00 3.503917467594146729e+01
2.000000000000000000e+00 2.697190958261489868e+01
3.000000000000000000e+00 2.603163504600524902e+01
4.000000000000000000e+00 3.106924378871917725e+01
5.000000000000000000e+00 3.194163870811462402e+01
6.000000000000000000e+00 2.102914124727249146e+01
7.000000000000000000e+00 3.706660056114196777e+01
8.000000000000000000e+00 2.497985619306564331e+01
9.000000000000000000e+00 3.593683117628097534e+01
1.000000000000000000e+01 2.598015034198760986e+01
1.100000000000000000e+01 1.305528414249420166e+01
1.200000000000000000e+01 2.397286343574523926e+01
1.300000000000000000e+01 2.900423675775527954e+01
1.400000000000000000e+01 1.603918135166168213e+01
1.500000000000000000e+01 2.709367412328720093e+01
1.600000000000000000e+01 1.202543956041336060e+01
1.700000000000000000e+01 3.487150907516479492e+01
1.800000000000000000e+01 2.600796329975128174e+01
1.900000000000000000e+01 2.593194752931594849e+01
2.000000000000000000e+01 2.294510585069656372e+01
2.100000000000000000e+01 4.299363648891448975e+01
2.200000000000000000e+01 2.403293770551681519e+01
2.300000000000000000e+01 1.101146733760833740e+01
2.400000000000000000e+01 4.495615607500076294e+01
2.500000000000000000e+01 2.198944067955017090e+01
2.600000000000000000e+01 5.296513593196868896e+01
2.700000000000000000e+01 3.201320850849151611e+01
2.800000000000000000e+01 2.899651795625686646e+01
2.900000000000000000e+01 4.105577075481414795e+01
3.000000000000000000e+01 4.302273893356323242e+01
3.100000000000000000e+01 2.697913968563079834e+01
3.200000000000000000e+01 3.002800768613815308e+01
3.300000000000000000e+01 3.909894198179244995e+01
3.400000000000000000e+01 6.594987189769744873e+01
3.500000000000000000e+01 3.006091916561126709e+01
3.600000000000000000e+01 2.507472503185272217e+01
3.700000000000000000e+01 3.896148419380187988e+01
3.800000000000000000e+01 1.796138262748718262e+01
3.900000000000000000e+01 2.903603482246398926e+01
4.000000000000000000e+01 3.205057615041732788e+01
4.100000000000000000e+01 3.693532180786132812e+01
4.200000000000000000e+01 2.194671517610549927e+01
4.300000000000000000e+01 9.114089190959930420e+01
4.400000000000000000e+01 3.603331410884857178e+01
4.500000000000000000e+01 4.604071843624114990e+01
4.600000000000000000e+01 2.202072870731353760e+01
4.700000000000000000e+01 5.009460324048995972e+01
4.800000000000000000e+01 2.298941302299499512e+01
4.900000000000000000e+01 2.900860470533370972e+01
5.000000000000000000e+01 2.299109059572219849e+01
5.100000000000000000e+01 2.600110179185867310e+01
5.200000000000000000e+01 1.701376909017562866e+01
5.300000000000000000e+01 2.999777179956436157e+01
5.400000000000000000e+01 2.699840563535690308e+01
5.500000000000000000e+01 2.992196244001388550e+01
5.600000000000000000e+01 2.204459446668624878e+01
5.700000000000000000e+01 2.397411239147186279e+01
5.800000000000000000e+01 2.294860434532165527e+01
5.900000000000000000e+01 2.298927813768386841e+01
6.000000000000000000e+01 1.803839755058288574e+01
6.100000000000000000e+01 3.399942404031753540e+01
6.200000000000000000e+01 2.095421969890594482e+01
6.300000000000000000e+01 1.398907721042633057e+01
6.400000000000000000e+01 1.102837371826171875e+01
6.500000000000000000e+01 5.204537820816040039e+01
6.600000000000000000e+01 3.202695482969284058e+01
6.700000000000000000e+01 1.301088839769363403e+01
6.800000000000000000e+01 2.605386298894882202e+01
6.900000000000000000e+01 2.095881199836730957e+01
7.000000000000000000e+01 3.203159213066101074e+01
7.100000000000000000e+01 2.990614855289459229e+01
7.200000000000000000e+01 3.486342906951904297e+01
7.300000000000000000e+01 2.099064671993255615e+01
7.400000000000000000e+01 1.708980286121368408e+01
7.500000000000000000e+01 1.805725234746932983e+01
7.600000000000000000e+01 2.099492335319519043e+01
7.700000000000000000e+01 1.507771396636962891e+01
7.800000000000000000e+01 2.897190505266189575e+01
7.900000000000000000e+01 3.206373035907745361e+01
8.000000000000000000e+01 1.696986180543899536e+01
8.100000000000000000e+01 3.294750845432281494e+01
8.200000000000000000e+01 2.697982674837112427e+01
8.300000000000000000e+01 2.104465806484222412e+01
8.400000000000000000e+01 1.894965422153472900e+01
8.500000000000000000e+01 3.108158409595489502e+01
8.600000000000000000e+01 2.707342302799224854e+01
8.700000000000000000e+01 2.908716601133346558e+01
8.800000000000000000e+01 2.597196441888809204e+01
8.900000000000000000e+01 1.896879220008850098e+01
9.000000000000000000e+01 2.096281594038009644e+01
9.100000000000000000e+01 2.802681905031204224e+01
9.200000000000000000e+01 8.494488906860351562e+01
9.300000000000000000e+01 2.502304250001907349e+01
9.400000000000000000e+01 2.306695747375488281e+01
9.500000000000000000e+01 3.102283012866973877e+01
9.600000000000000000e+01 2.304888474941253662e+01
9.700000000000000000e+01 3.397111302614212036e+01
9.800000000000000000e+01 5.495588248968124390e+01
9.900000000000000000e+01 8.108392411470413208e+01
