0.000000000000000000e+00 -1.748258213520050049e+03
1.000000000000000000e+00 -1.811305135726928711e+03
2.000000000000000000e+00 -1.859844806671142578e+03
3.000000000000000000e+00 -1.817483195304870605e+03
4.000000000000000000e+00 -1.661738234519958496e+03
5.000000000000000000e+00 -1.721434679508209229e+03
6.000000000000000000e+00 -1.644816298961639404e+03
7.000000000000000000e+00 -1.770996431350708008e+03
8.000000000000000000e+00 -1.841658398628234863e+03
9.000000000000000000e+00 -1.815537256240844727e+03
1.000000000000000000e+01 -1.821935442924499512e+03
1.100000000000000000e+01 -1.648580224990844727e+03
1.200000000000000000e+01 -1.649459032535552979e+03
1.300000000000000000e+01 -1.730126971244812012e+03
1.400000000000000000e+01 -1.814128416061401367e+03
